0,396
0,395
0,394
0,393
0,392
0,391
0,390
0,389
0,388
0,387
0,386
0,385
0,384
0,319
0,318
0,317
40,35
3,2
10,92
10,236
10,152
10,126
10,4
10,202
10,2
10,3
11,9
11,22
11,20
11,23
11,15
11,16
11,2
11,3
9,6
9,4
9,2
9,3
8,7
8,10
8,15
8,12
8,13
8,8
8,2
8,3
12,2
39,3
12,1
39,2
39,1
12,3
39,0
38,3
38,2
38,1
38,0
37,3
37,2
37,1
37,0
36,3
36,2
36,1
36,0
35,3
35,2
35,1
35,0
34,3
34,2
34,1
34,0
33,3
33,2
33,1
33,0
32,3
32,2
32,1
32,0
31,3
31,2
31,1
31,0
30,3
30,2
30,1
20,2
30,0
29,3
20,1
29,2
29,1
20,3
29,0
28,3
28,2
28,1
28,0
27,3
27,2
27,1
19,2
27,0
26,3
19,1
26,2
26,1
